3.559856489878782115e-01
6.031648866026231293e-01
8.579160745827347778e-01
1.113464310595710716e+00
1.374039914321364408e+00
1.619154704570298309e+00
1.870686673430271840e+00
2.123290040706380832e+00
2.378144976376236119e+00
2.630489925835516996e+00
2.878653162679494670e+00
3.131144366275339319e+00
3.388159578333816313e+00
3.638741848210948149e+00
3.888315910732085268e+00
4.139052155837465996e+00
4.390305777018236988e+00
4.642172339120373081e+00
4.894678666149941293e+00
5.147269052361176378e+00
5.398003206656323272e+00
5.647798235368590269e+00
5.900534302989873581e+00
6.151460297009074374e+00
6.402630176204441526e+00
6.655964674748322096e+00
6.908782583105771202e+00
7.159060853508338873e+00
7.409414762591408632e+00
7.659227149364629561e+00
7.911559474606142395e+00
8.163750941790897997e+00
8.415757210439384295e+00
8.667638839289207198e+00
8.918801124864609520e+00
9.170480108345369530e+00
9.420566033467249412e+00
9.671642335271435797e+00
9.923426157758477473e+00
1.017396902749181820e+01
1.042533700753922155e+01
1.067702948358784276e+01
1.092969337256462303e+01
1.118211872033766419e+01
1.143346516925797296e+01
1.168350508557724687e+01
1.193379937775929100e+01
1.218553055762879112e+01
1.243711650801278878e+01
1.268867268647359303e+01
1.294075027177769144e+01
1.319267287020158363e+01
1.344470571782862756e+01
1.369480150283709641e+01
1.394591277066507828e+01
1.419764645764527167e+01
1.444766774168416212e+01
1.469906835825429070e+01
1.495059118111036511e+01
1.520261612590052991e+01
1.545415944503929495e+01
1.570456072545780124e+01
1.595705800128773966e+01
1.620829297830731619e+01
1.645966591028190962e+01
1.671125708846596325e+01
1.696160259490052624e+01
1.721370276108077135e+01
1.746543424102250341e+01
1.771598473288305442e+01
1.796653767411944003e+01
1.821765658501893270e+01
1.847053788120423334e+01
1.872257696809484173e+01
1.897394097105746269e+01
1.922542454726159988e+01
1.947607703355479103e+01
1.972678839839982601e+01
1.997802698857814363e+01
